0
69.12790038
100.2719859
100.2477752
381.9642119
381.8519195
418.3328313
410.330329
410.206141
457.8005809
457.6361968
472.128748
471.9672528
331.1438921
331.0089501
328.8973707
335.1117928
334.9534748
336.622325
336.4876013
337.5125064
337.3943561
340.9569541
336.7007179
336.6148718
334.9933252
334.9007326
331.7678954
331.6784995
338.592899
338.5089899
341.6494167
342.9144032
342.8494319
344.2081131
344.1751437
348.8506691
348.8247943
351.2548442
351.2141462
353.3361798
358.3564677
358.2910804
353.1103954
353.0425212
344.1044386
343.9995398
355.9786509
355.8951432
361.6753282
356.0128029
355.9121653
358.9973956
358.8898719
366.9366508
366.8220869
362.944219
362.8297804
364.0084867
359.5839508
359.4648279
357.1861827
357.0630076
349.2123482
349.0915417
346.8801594
346.7608129
357.6059587
349.1758852
349.0648176
364.7145599
364.6026259
345.6314245
345.5299152
358.4812731
358.3807633
349.7208161
349.2531796
349.166095
346.4886243
346.4121572
343.6076144
343.5350955
348.4872363
348.4240563
337.0773091
345.7496528
345.6976305
346.5005578
346.4499947
340.7490326
340.7073271
351.050818
351.0162855
343.2850848
357.3289951
357.3144766
341.7362968
341.7313506
356.7707018
356.7740571
347.7244799
347.7371839
344.0828233
352.4773424
352.4977184
349.0529426
349.0774726
344.3856866
344.4115511
351.1847793
339.305731
339.3349721
345.798485
345.8347241
343.2723594
343.3075552
340.9234957
340.9571557
308.0275856
307.9540282
307.9687541
307.7274495
307.7334395
316.1975707
316.1963517
309.9801503
309.9668753
311.0822186
315.6340921
315.596619
310.4024233
310.3586173
304.9500432
304.8932598
301.1259128
301.0628988
305.3025797
300.5002469
300.4069922
297.5628048
297.4525964
295.1863483
295.0619044
304.7048559
304.5633297
303.2565835
302.5189071
302.3534428
298.2507593
298.0765198
283.9932526
283.8185861
281.66781
281.4732347
290.5182498
293.5627646
293.3716332
287.9965933
287.8194189
277.2386201
277.0734772
276.8835151
276.7257588
276.9400892
286.0256445
285.8930893
285.8638299
285.744021
269.9068776
269.7973013
268.2161224
268.1075132
280.304974
280.7049537
280.5896341
264.5171031
264.4106017
258.1477621
258.0349612
271.1519486
271.0229141
266.9513253
251.3286947
251.1560312
258.0413146
257.8540662
267.6465658
267.4192549
253.3090302
253.0698815
247.7302568
261.3888158
261.1171752
255.3833071
255.0969342
240.9384744
240.6388276
251.2710349
250.9549296
246.6320942
236.505275
236.2073802
250.3616102
250.0568605
243.3204765
242.995853
223.5707955
241.4638691
241.1810657
231.165229
230.9158119
239.5621966
239.3357072
227.4250625
227.2183836
220.6841824
227.6038415
227.4021974
213.4099388
213.2220928
217.590194
217.3781027
225.733972
225.4837506
213.0842331
196.4085462
196.184081
190.2439558
190.0194548
178.1563779
177.9249798
156.0377925
155.824885
129.8760274
108.6525146
108.4488013
92.93968753
92.75662792
83.50315579
83.32428491
79.77662536
79.62459591
75.26339621
73.60051999
73.46270095
66.74938161
66.60636306
63.41142664
63.27896683
58.93272947
58.8098053
55.46835748
50.91635765
50.79348931
50.38364302
50.2776717
46.28780445
46.17873981
43.52121764
43.40716432
41.37127051
38.79366594
38.6846038
37.98846673
37.89919957
36.64120725
36.54820001
32.282598
32.17995021
31.50570941
29.05726478
28.95892382
27.49957103
27.40801151
27.93977247
27.85915114
22.67822914
22.58038465
24.01676833
26.07899197
26.01341665
26.98058422
26.92694336
27.01166771
26.95971152
24.54144529
24.49210466
29.52793482
29.37795693
29.31897559
23.32873998
23.26351568
24.29959582
24.23647499
23.75691127
23.71172787
24.241655
24.79899136
24.76236266
16.72111274
